householdId,timestamp,reading
1,1730475389584,73.09
2,1730475389584,41.01
3,1730475389584,20.77
4,1730475389584,33.27
5,1730475389584,96.78
6,1730475389584,0.61
7,1730475389584,96.37
8,1730475389584,93.99
9,1730475389584,94.72
10,1730475389584,93.71
11,1730475389584,0.10
1,1730478989584,34.75
2,1730478989584,29.41
3,1730478989584,50.65
4,1730478989584,11.60
5,1730478989584,77.05
6,1730478989584,65.99
7,1730478989584,15.67
8,1730478989584,37.82
9,1730478989585,13.98
10,1730478989585,69.49
11,1730478989585,1.10
1,1730482589585,0.50
2,1730482589585,52.31
3,1730482589585,74.40
4,1730482589585,14.20
5,1730482589585,48.17
6,1730482589585,54.46
7,1730482589585,57.71
8,1730482589585,20.49
9,1730482589585,62.34
10,1730482589585,18.47
11,1730482589585,2.10
1,1730486189585,16.10
2,1730486189585,17.81
3,1730486189585,54.04
4,1730486189585,97.38
5,1730486189585,24.54
6,1730486189585,39.45
7,1730486189585,21.76
8,1730486189585,43.20
9,1730486189585,23.32
10,1730486189585,88.99
11,1730486189585,3.10
1,1730489789585,59.24
2,1730489789586,65.52
3,1730489789586,11.98
4,1730489789586,65.25
5,1730489789586,98.43
6,1730489789586,20.67
7,1730489789586,37.46
8,1730489789586,46.33
9,1730489789586,33.36
10,1730489789586,44.32
11,1730489789586,4.10
1,1730493389586,99.90
2,1730493389586,63.04
3,1730493389586,90.96
4,1730493389586,50.77
5,1730493389586,49.15
6,1730493389586,42.88
7,1730493389586,30.81
8,1730493389586,71.73
9,1730493389586,96.24
10,1730493389586,20.95
11,1730493389586,5.10
1,1730496989586,54.90
2,1730496989586,55.55
3,1730496989586,58.78
4,1730496989586,78.92
5,1730496989586,69.90
6,1730496989586,20.46
7,1730496989587,25.49
8,1730496989587,77.79
9,1730496989587,22.50
10,1730496989587,98.31
11,1730496989587,6.10
1,1730500589587,83.63
2,1730500589587,16.31
3,1730500589587,63.75
4,1730500589587,0.88
5,1730500589587,63.12
6,1730500589587,20.80
7,1730500589587,88.04
8,1730500589587,70.70
9,1730500589587,72.34
10,1730500589587,50.95
11,1730500589587,7.10
1,1730504189587,15.32
2,1730504189587,71.06
3,1730504189587,82.40
4,1730504189587,12.37
5,1730504189587,61.70
6,1730504189587,48.19
7,1730504189587,9.98
8,1730504189587,61.71
9,1730504189587,2.81
10,1730504189587,59.14
11,1730504189587,8.10
1,1730507789587,7.40
2,1730507789587,67.99
3,1730507789588,28.00
4,1730507789588,60.40
5,1730507789588,84.96
6,1730507789588,35.38
7,1730507789588,59.86
8,1730507789588,29.21
9,1730507789588,87.64
10,1730507789588,74.42
11,1730507789588,9.10
1,1730511389588,37.58
2,1730511389588,27.13
3,1730511389588,72.98
4,1730511389588,88.67
5,1730511389588,4.37
6,1730511389588,45.77
7,1730511389588,86.24
8,1730511389588,90.19
9,1730511389588,6.25
10,1730511389588,76.38
11,1730511389588,10.10
1,1730514989588,99.92
2,1730514989588,6.19
3,1730514989588,58.63
4,1730514989588,56.73
5,1730514989588,66.20
6,1730514989588,90.73
7,1730514989588,24.65
8,1730514989588,24.85
9,1730514989588,70.69
10,1730514989588,33.77
11,1730514989589,11.10
1,1730518589589,31.54
2,1730518589589,2.45
3,1730518589589,45.10
4,1730518589589,36.91
5,1730518589589,46.38
6,1730518589589,17.72
7,1730518589589,67.61
8,1730518589589,71.56
9,1730518589589,74.34
10,1730518589589,92.91
11,1730518589589,12.10
1,1730522189589,64.40
2,1730522189589,11.05
3,1730522189589,77.46
4,1730522189589,30.65
5,1730522189589,88.06
6,1730522189589,63.04
7,1730522189589,92.89
8,1730522189589,19.67
9,1730522189589,75.46
10,1730522189589,15.76
11,1730522189589,13.10
1,1730525789589,37.86
2,1730525789589,78.66
3,1730525789589,71.28
4,1730525789589,11.03
5,1730525789589,76.21
6,1730525789589,3.01
7,1730525789589,31.66
8,1730525789589,66.71
9,1730525789589,42.64
10,1730525789589,40.06
11,1730525789589,14.10
1,1730529389589,36.53
2,1730529389590,76.38
3,1730529389590,32.27
4,1730529389590,51.27
5,1730529389590,47.87
6,1730529389590,13.12
7,1730529389590,3.18
8,1730529389590,44.45
9,1730529389590,69.15
10,1730529389590,71.91
11,1730529389590,15.10
1,1730532989590,28.81
2,1730532989590,78.14
3,1730532989590,96.63
4,1730532989590,99.65
5,1730532989590,23.91
6,1730532989590,44.52
7,1730532989590,13.02
8,1730532989590,23.45
9,1730532989590,65.61
10,1730532989590,57.22
11,1730532989590,16.10
1,1730536589590,25.03
2,1730536589590,92.03
3,1730536589590,72.38
4,1730536589590,77.70
5,1730536589590,24.23
6,1730536589590,17.57
7,1730536589590,44.48
8,1730536589590,82.97
9,1730536589590,60.19
10,1730536589590,63.79
11,1730536589590,17.10
1,1730540189590,6.54
2,1730540189590,93.80
3,1730540189590,26.64
4,1730540189590,22.92
5,1730540189590,30.40
6,1730540189590,37.19
7,1730540189591,85.71
8,1730540189591,80.71
9,1730540189591,38.87
10,1730540189591,26.52
11,1730540189591,18.10
1,1730543789591,66.98
2,1730543789591,7.44
3,1730543789591,60.91
4,1730543789591,17.87
5,1730543789591,2.96
6,1730543789591,70.82
7,1730543789591,27.78
8,1730543789591,11.58
9,1730543789591,69.12
10,1730543789591,34.90
11,1730543789591,19.10
1,1730547389591,16.76
2,1730547389591,59.46
3,1730547389591,80.99
4,1730547389591,51.49
5,1730547389591,34.90
6,1730547389591,5.31
7,1730547389591,60.62
8,1730547389591,68.15
9,1730547389591,58.37
10,1730547389591,36.98
11,1730547389591,20.10
1,1730550989591,68.64
2,1730550989591,22.46
3,1730550989591,44.46
4,1730550989591,70.76
5,1730550989591,2.98
6,1730550989591,65.89
7,1730550989591,31.59
8,1730550989591,81.58
9,1730550989591,15.56
10,1730550989591,45.34
11,1730550989591,21.10
1,1730554589591,54.97
2,1730554589591,52.23
3,1730554589591,31.53
4,1730554589591,69.61
5,1730554589591,9.49
6,1730554589591,95.88
7,1730554589592,12.97
8,1730554589592,2.36
9,1730554589592,8.47
10,1730554589592,5.23
11,1730554589592,22.10
1,1730558189592,81.97
2,1730558189592,96.91
3,1730558189592,35.00
4,1730558189592,27.29
5,1730558189592,1.12
6,1730558189592,79.40
7,1730558189592,10.04
8,1730558189592,81.89
9,1730558189592,74.79
10,1730558189592,37.99
11,1730558189592,23.10
1,1730561789592,76.60
2,1730561789592,20.88
3,1730561789592,94.51
4,1730561789592,2.76
5,1730561789592,74.69
6,1730561789592,63.63
7,1730561789592,93.85
8,1730561789592,9.39
9,1730561789592,95.97
10,1730561789592,81.88
11,1730561789592,24.10
1,1730565389592,83.38
2,1730565389592,25.57
3,1730565389592,64.06
4,1730565389592,71.65
5,1730565389592,80.18
6,1730565389592,46.14
7,1730565389592,11.96
8,1730565389592,51.06
9,1730565389592,74.29
10,1730565389592,5.69
11,1730565389592,25.10
1,1730568989592,36.80
2,1730568989592,88.22
3,1730568989592,88.00
4,1730568989593,6.05
5,1730568989593,7.18
6,1730568989593,22.93
7,1730568989593,22.26
8,1730568989593,64.55
9,1730568989593,29.30
10,1730568989593,88.55
11,1730568989593,26.10
1,1730572589593,70.18
2,1730572589593,18.31
3,1730572589593,34.73
4,1730572589593,3.98
5,1730572589593,24.93
6,1730572589593,79.67
7,1730572589593,70.79
8,1730572589593,46.61
9,1730572589593,80.33
10,1730572589593,8.21
11,1730572589593,27.10
1,1730576189593,96.12
2,1730576189593,23.81
3,1730576189593,45.32
4,1730576189593,48.11
5,1730576189593,6.57
6,1730576189593,10.88
7,1730576189593,89.32
8,1730576189593,86.44
9,1730576189593,79.89
10,1730576189593,34.98
11,1730576189593,28.10
1,1730579789593,89.20
2,1730579789593,43.20
3,1730579789593,12.99
4,1730579789593,66.96
5,1730579789593,51.77
6,1730579789593,55.44
7,1730579789593,91.68
8,1730579789593,38.04
9,1730579789593,17.25
10,1730579789593,13.33
11,1730579789593,29.10
1,1730583389593,87.53
2,1730583389593,41.24
3,1730583389593,52.93
4,1730583389593,63.31
5,1730583389593,16.10
6,1730583389593,24.62
7,1730583389593,85.19
8,1730583389594,4.91
9,1730583389594,88.98
10,1730583389594,2.77
11,1730583389594,30.10
1,1730586989594,29.01
2,1730586989594,8.16
3,1730586989594,77.15
4,1730586989594,35.93
5,1730586989594,60.31
6,1730586989594,36.71
7,1730586989594,63.18
8,1730586989594,88.45
9,1730586989594,65.75
10,1730586989594,64.33
11,1730586989594,31.10
1,1730590589594,60.27
2,1730590589594,55.22
3,1730590589594,53.05
4,1730590589594,91.30
5,1730590589594,94.37
6,1730590589594,93.45
7,1730590589594,17.34
8,1730590589594,16.56
9,1730590589594,92.23
10,1730590589594,99.61
11,1730590589594,32.10
1,1730594189594,81.90
2,1730594189594,58.20
3,1730594189594,44.77
4,1730594189594,41.35
5,1730594189594,46.56
6,1730594189594,66.89
7,1730594189594,31.23
8,1730594189594,88.84
9,1730594189594,72.18
10,1730594189594,72.14
11,1730594189594,33.10
1,1730597789594,96.73
2,1730597789594,74.82
3,1730597789594,74.09
4,1730597789594,85.03
5,1730597789594,53.31
6,1730597789594,26.77
7,1730597789594,74.64
8,1730597789594,69.38
9,1730597789594,6.59
10,1730597789595,51.91
11,1730597789595,34.10
1,1730601389595,52.96
2,1730601389595,72.14
3,1730601389595,52.90
4,1730601389595,62.90
5,1730601389595,71.20
6,1730601389595,35.73
7,1730601389595,93.10
8,1730601389595,26.22
9,1730601389595,39.37
10,1730601389595,96.58
11,1730601389595,35.10
1,1730604989595,49.13
2,1730604989595,96.98
3,1730604989595,67.70
4,1730604989595,76.88
5,1730604989595,9.91
6,1730604989595,42.01
7,1730604989595,87.65
8,1730604989595,77.56
9,1730604989595,50.05
10,1730604989595,32.62
11,1730604989595,36.10
1,1730608589595,23.74
2,1730608589595,36.21
3,1730608589595,13.74
4,1730608589595,30.70
5,1730608589595,60.81
6,1730608589595,23.91
7,1730608589595,47.21
8,1730608589595,8.07
9,1730608589595,53.90
10,1730608589595,80.49
11,1730608589595,37.10
1,1730612189595,9.40
2,1730612189595,56.51
3,1730612189595,94.71
4,1730612189595,27.51
5,1730612189595,33.85
6,1730612189595,47.96
7,1730612189595,86.03
8,1730612189595,51.97
9,1730612189595,72.06
10,1730612189595,4.34
11,1730612189595,38.10
1,1730615789595,77.68
2,1730615789595,19.51
3,1730615789595,59.24
4,1730615789595,16.31
5,1730615789595,61.18
6,1730615789595,48.69
7,1730615789595,91.67
8,1730615789595,47.17
9,1730615789595,76.77
10,1730615789595,82.12
11,1730615789595,39.10
1,1730619389595,14.76
2,1730619389595,44.38
3,1730619389595,1.84
4,1730619389595,95.92
5,1730619389596,6.47
6,1730619389596,11.76
7,1730619389596,89.96
8,1730619389596,61.68
9,1730619389596,49.18
10,1730619389596,85.08
11,1730619389596,40.10
1,1730622989596,47.55
2,1730622989596,57.23
3,1730622989596,28.47
4,1730622989596,6.20
5,1730622989596,9.21
6,1730622989596,42.65
7,1730622989596,21.03
8,1730622989596,83.99
9,1730622989596,0.03
10,1730622989596,74.73
11,1730622989596,41.10
1,1730626589596,96.24
2,1730626589596,4.42
3,1730626589596,17.79
4,1730626589596,12.91
5,1730626589596,72.31
6,1730626589596,18.03
7,1730626589596,33.35
8,1730626589596,82.27
9,1730626589596,19.61
10,1730626589596,26.22
11,1730626589596,42.10
1,1730630189596,34.45
2,1730630189596,75.93
3,1730630189596,20.37
4,1730630189596,45.04
5,1730630189596,42.72
6,1730630189596,51.94
7,1730630189596,70.10
8,1730630189596,2.48
9,1730630189596,63.87
10,1730630189596,43.39
11,1730630189596,43.10
1,1730633789596,0.59
2,1730633789596,90.81
3,1730633789596,7.85
4,1730633789596,89.42
5,1730633789596,56.81
6,1730633789596,81.79
7,1730633789596,81.80
8,1730633789596,78.94
9,1730633789596,78.00
10,1730633789596,91.79
11,1730633789596,44.10
1,1730637389596,79.13
2,1730637389596,46.49
3,1730637389596,5.77
4,1730637389596,74.50
5,1730637389596,95.34
6,1730637389596,7.46
7,1730637389596,87.97
8,1730637389596,77.65
9,1730637389596,75.55
10,1730637389596,64.98
11,1730637389596,45.10
1,1730640989596,98.25
2,1730640989596,15.74
3,1730640989596,7.49
4,1730640989596,67.91
5,1730640989596,22.60
6,1730640989597,71.16
7,1730640989597,13.36
8,1730640989597,55.15
9,1730640989597,48.03
10,1730640989597,77.14
11,1730640989597,46.10
1,1730644589597,94.17
2,1730644589597,86.25
3,1730644589597,68.17
4,1730644589597,93.58
5,1730644589597,98.95
6,1730644589597,2.84
7,1730644589597,59.24
8,1730644589597,89.47
9,1730644589597,57.30
10,1730644589597,50.48
11,1730644589597,47.10
1,1730648189597,30.80
2,1730648189597,41.76
3,1730648189597,90.55
4,1730648189597,26.86
5,1730648189597,33.83
6,1730648189597,48.58
7,1730648189597,0.81
8,1730648189597,32.68
9,1730648189597,76.68
10,1730648189597,37.90
11,1730648189597,48.10
1,1730651789597,17.54
2,1730651789597,24.54
3,1730651789597,69.21
4,1730651789597,34.94
5,1730651789597,30.30
6,1730651789597,70.81
7,1730651789597,87.61
8,1730651789597,93.88
9,1730651789597,35.80
10,1730651789597,12.27
11,1730651789597,49.10
1,1730655389597,37.87
2,1730655389597,99.58
3,1730655389597,61.93
4,1730655389597,69.50
5,1730655389597,19.73
6,1730655389597,40.22
7,1730655389597,4.46
8,1730655389597,27.42
9,1730655389597,19.14
10,1730655389597,71.11
11,1730655389597,50.10
1,1730658989597,50.38
2,1730658989597,3.62
3,1730658989597,34.81
4,1730658989597,3.64
5,1730658989597,34.40
6,1730658989597,32.94
7,1730658989597,5.89
8,1730658989597,63.98
9,1730658989597,27.19
10,1730658989597,83.37
11,1730658989597,51.10
1,1730662589597,32.40
2,1730662589597,13.52
3,1730662589597,26.88
4,1730662589597,87.69
5,1730662589597,63.16
6,1730662589597,81.36
7,1730662589597,25.34
8,1730662589597,30.92
9,1730662589597,84.58
10,1730662589597,5.17
11,1730662589597,52.10
1,1730666189597,44.83
2,1730666189597,79.22
3,1730666189598,50.52
4,1730666189598,12.69
5,1730666189598,50.47
6,1730666189598,67.02
7,1730666189598,12.25
8,1730666189598,95.97
9,1730666189598,50.26
10,1730666189598,10.83
11,1730666189598,53.10
1,1730669789598,98.36
2,1730669789598,39.77
3,1730669789598,21.38
4,1730669789598,55.99
5,1730669789598,61.47
6,1730669789598,73.65
7,1730669789598,11.75
8,1730669789598,83.42
9,1730669789598,5.99
10,1730669789598,91.13
11,1730669789598,54.10
1,1730673389598,8.75
2,1730673389598,66.73
3,1730673389598,84.46
4,1730673389598,86.34
5,1730673389598,69.55
6,1730673389598,87.00
7,1730673389598,63.59
8,1730673389598,18.55
9,1730673389598,46.37
10,1730673389598,7.58
11,1730673389598,55.10
1,1730676989598,60.81
2,1730676989598,12.06
3,1730676989598,66.96
4,1730676989598,20.99
5,1730676989598,0.08
6,1730676989598,87.73
7,1730676989598,75.59
8,1730676989598,35.24
9,1730676989598,56.77
10,1730676989598,20.71
11,1730676989598,56.10
1,1730680589598,65.05
2,1730680589598,16.26
3,1730680589598,13.91
4,1730680589598,86.62
5,1730680589598,4.64
6,1730680589598,19.45
7,1730680589598,91.99
8,1730680589598,91.19
9,1730680589598,99.48
10,1730680589598,24.01
11,1730680589598,57.10
1,1730684189598,3.68
2,1730684189598,13.99
3,1730684189598,77.23
4,1730684189598,44.93
5,1730684189598,64.72
6,1730684189598,86.70
7,1730684189598,86.60
8,1730684189598,95.14
9,1730684189598,24.65
10,1730684189598,27.00
11,1730684189598,58.10
1,1730687789598,14.93
2,1730687789598,95.12
3,1730687789598,83.38
4,1730687789598,60.65
5,1730687789598,39.10
6,1730687789598,30.63
7,1730687789598,78.84
8,1730687789598,25.34
9,1730687789598,35.80
10,1730687789598,75.69
11,1730687789598,59.10
1,1730691389598,78.66
2,1730691389598,73.40
3,1730691389598,15.62
4,1730691389598,2.76
5,1730691389598,78.28
6,1730691389598,64.85
7,1730691389598,37.69
8,1730691389598,83.67
9,1730691389598,41.84
10,1730691389598,99.20
11,1730691389598,60.10
1,1730694989598,98.19
2,1730694989598,71.92
3,1730694989598,31.42
4,1730694989598,51.78
5,1730694989598,96.89
6,1730694989598,62.41
7,1730694989598,3.64
8,1730694989598,1.41
9,1730694989598,64.24
10,1730694989598,80.51
11,1730694989598,61.10
1,1730698589599,84.47
2,1730698589599,92.95
3,1730698589599,19.99
4,1730698589599,29.33
5,1730698589599,49.71
6,1730698589599,47.39
7,1730698589599,38.16
8,1730698589599,73.46
9,1730698589599,67.63
10,1730698589599,85.01
11,1730698589599,62.10
1,1730702189599,64.12
2,1730702189599,82.01
3,1730702189599,77.18
4,1730702189599,73.12
5,1730702189599,5.87
6,1730702189599,64.47
7,1730702189599,33.64
8,1730702189599,78.96
9,1730702189599,68.77
10,1730702189599,48.00
11,1730702189599,63.10
1,1730705789599,89.01
2,1730705789599,80.71
3,1730705789599,40.01
4,1730705789599,51.38
5,1730705789599,44.78
6,1730705789599,85.17
7,1730705789599,5.78
8,1730705789599,56.00
9,1730705789599,95.18
10,1730705789599,83.88
11,1730705789599,64.10
1,1730709389599,76.87
2,1730709389599,68.80
3,1730709389599,92.64
4,1730709389599,0.44
5,1730709389599,84.50
6,1730709389599,12.92
7,1730709389599,87.05
8,1730709389599,42.17
9,1730709389599,29.63
10,1730709389599,66.73
11,1730709389599,65.10
1,1730712989599,89.78
2,1730712989599,37.32
3,1730712989599,9.65
4,1730712989599,1.15
5,1730712989599,45.65
6,1730712989599,82.08
7,1730712989599,14.29
8,1730712989599,24.85
9,1730712989599,62.56
10,1730712989599,93.36
11,1730712989599,66.10
1,1730716589599,93.86
2,1730716589599,35.82
3,1730716589599,9.92
4,1730716589599,6.64
5,1730716589599,1.38
6,1730716589599,20.18
7,1730716589599,61.56
8,1730716589599,81.38
9,1730716589599,75.99
10,1730716589599,28.73
11,1730716589599,67.10
1,1730720189599,47.37
2,1730720189599,52.89
3,1730720189599,17.37
4,1730720189599,99.86
5,1730720189599,34.14
6,1730720189600,86.95
7,1730720189600,70.65
8,1730720189600,78.25
9,1730720189600,56.71
10,1730720189600,53.06
11,1730720189600,68.10
1,1730723789600,12.91
2,1730723789600,66.40
3,1730723789600,34.35
4,1730723789600,70.35
5,1730723789600,40.19
6,1730723789600,13.30
7,1730723789600,94.63
8,1730723789600,64.58
9,1730723789600,27.16
10,1730723789600,52.29
11,1730723789600,69.10
1,1730727389600,1.42
2,1730727389600,1.63
3,1730727389600,68.91
4,1730727389600,74.44
5,1730727389600,73.27
6,1730727389600,67.35
7,1730727389600,62.61
8,1730727389600,92.16
9,1730727389600,8.09
10,1730727389600,99.64
11,1730727389600,70.10
1,1730730989600,67.08
2,1730730989600,15.02
3,1730730989600,83.00
4,1730730989600,49.00
5,1730730989600,49.62
6,1730730989600,72.64
7,1730730989600,8.85
8,1730730989600,90.68
9,1730730989600,79.94
10,1730730989600,38.55
11,1730730989600,71.10
1,1730734589600,71.74
2,1730734589600,27.04
3,1730734589600,27.57
4,1730734589600,58.25
5,1730734589600,45.69
6,1730734589600,7.03
7,1730734589600,39.99
8,1730734589600,88.79
9,1730734589600,48.04
10,1730734589600,67.14
11,1730734589600,72.10
1,1730738189600,16.96
2,1730738189600,99.47
3,1730738189600,24.27
4,1730738189600,96.71
5,1730738189600,94.49
6,1730738189600,22.67
7,1730738189600,89.59
8,1730738189600,67.30
9,1730738189600,35.46
10,1730738189600,59.01
11,1730738189600,73.10
1,1730741789600,25.85
2,1730741789600,42.03
3,1730741789600,88.12
4,1730741789600,51.73
5,1730741789600,44.46
6,1730741789600,53.54
7,1730741789600,86.12
8,1730741789600,69.78
9,1730741789600,88.26
10,1730741789600,25.89
11,1730741789600,74.10
1,1730745389600,4.01
2,1730745389600,16.02
3,1730745389600,11.29
4,1730745389600,28.10
5,1730745389600,23.65
6,1730745389600,83.54
7,1730745389600,61.78
8,1730745389600,6.91
9,1730745389600,20.34
10,1730745389600,91.14
11,1730745389600,75.10
1,1730748989600,37.04
2,1730748989600,30.77
3,1730748989600,6.85
4,1730748989600,31.34
5,1730748989600,70.19
6,1730748989600,8.26
7,1730748989600,52.69
8,1730748989600,10.87
9,1730748989600,42.25
10,1730748989600,86.62
11,1730748989600,76.10
1,1730752589600,67.47
2,1730752589600,11.40
3,1730752589600,29.17
4,1730752589600,12.85
5,1730752589600,77.91
6,1730752589600,65.24
7,1730752589600,44.83
8,1730752589600,60.27
9,1730752589600,54.34
10,1730752589600,28.56
11,1730752589600,77.10
1,1730756189600,79.01
2,1730756189600,9.71
3,1730756189600,91.75
4,1730756189600,94.74
5,1730756189600,24.25
6,1730756189600,40.80
7,1730756189600,84.64
8,1730756189600,41.70
9,1730756189600,38.40
10,1730756189600,13.01
11,1730756189600,78.10
1,1730759789600,20.99
2,1730759789600,11.49
3,1730759789600,90.97
4,1730759789600,28.18
5,1730759789600,23.73
6,1730759789600,94.51
7,1730759789600,9.53
8,1730759789600,90.95
9,1730759789600,12.70
10,1730759789600,9.56
11,1730759789600,79.10
1,1730763389600,78.77
2,1730763389600,61.21
3,1730763389600,13.58
4,1730763389600,85.50
5,1730763389600,66.38
6,1730763389600,14.98
7,1730763389600,49.72
8,1730763389600,95.42
9,1730763389600,29.68
10,1730763389600,93.11
11,1730763389600,80.10
1,1730766989600,34.97
2,1730766989600,75.12
3,1730766989600,40.15
4,1730766989600,75.98
5,1730766989601,82.91
6,1730766989601,44.33
7,1730766989601,77.74
8,1730766989601,58.94
9,1730766989601,58.11
10,1730766989601,61.09
11,1730766989601,81.10
1,1730770589601,41.64
2,1730770589601,93.70
3,1730770589601,48.58
4,1730770589601,25.03
5,1730770589601,29.25
6,1730770589601,0.84
7,1730770589601,21.06
8,1730770589601,96.10
9,1730770589601,28.98
10,1730770589601,49.04
11,1730770589601,82.10
1,1730774189601,79.52
2,1730774189601,95.05
3,1730774189601,47.10
4,1730774189601,80.43
5,1730774189601,52.49
6,1730774189601,12.66
7,1730774189601,55.58
8,1730774189601,7.84
9,1730774189601,8.97
10,1730774189601,8.95
11,1730774189601,83.10
1,1730777789601,41.65
2,1730777789601,55.27
3,1730777789601,12.81
4,1730777789601,83.86
5,1730777789601,14.66
6,1730777789601,78.82
7,1730777789601,85.40
8,1730777789601,14.36
9,1730777789601,44.70
10,1730777789601,94.82
11,1730777789601,84.10
1,1730781389601,74.65
2,1730781389601,51.84
3,1730781389601,17.43
4,1730781389601,47.04
5,1730781389601,63.06
6,1730781389601,4.16
7,1730781389601,86.30
8,1730781389601,5.62
9,1730781389601,21.99
10,1730781389601,85.59
11,1730781389601,85.10
1,1730784989601,46.89
2,1730784989601,55.24
3,1730784989601,12.26
4,1730784989601,91.65
5,1730784989601,85.34
6,1730784989601,6.70
7,1730784989601,71.61
8,1730784989601,22.24
9,1730784989601,49.25
10,1730784989601,35.85
11,1730784989601,86.10
1,1730788589601,42.03
2,1730788589601,69.64
3,1730788589601,79.34
4,1730788589601,73.28
5,1730788589601,95.73
6,1730788589601,77.83
7,1730788589601,32.09
8,1730788589601,52.45
9,1730788589601,3.21
10,1730788589601,83.89
11,1730788589601,87.10
1,1730792189601,91.42
2,1730792189601,50.31
3,1730792189601,63.99
4,1730792189601,31.51
5,1730792189601,72.68
6,1730792189601,51.64
7,1730792189601,6.50
8,1730792189601,97.48
9,1730792189601,32.39
10,1730792189601,93.31
11,1730792189601,88.10
1,1730795789601,3.50
2,1730795789601,67.16
3,1730795789601,53.53
4,1730795789601,28.40
5,1730795789601,81.08
6,1730795789601,66.73
7,1730795789601,28.85
8,1730795789601,55.50
9,1730795789601,0.35
10,1730795789601,83.69
11,1730795789601,89.10
1,1730799389601,67.58
2,1730799389601,71.24
3,1730799389601,55.06
4,1730799389601,1.26
5,1730799389601,39.83
6,1730799389601,99.26
7,1730799389601,11.32
8,1730799389601,94.30
9,1730799389601,9.59
10,1730799389601,5.58
11,1730799389601,90.10
1,1730802989601,69.98
2,1730802989601,19.57
3,1730802989601,71.62
4,1730802989601,50.06
5,1730802989601,97.79
6,1730802989601,69.48
7,1730802989601,9.45
8,1730802989601,54.59
9,1730802989601,46.01
10,1730802989601,73.17
11,1730802989601,91.10
1,1730806589601,62.23
2,1730806589601,95.67
3,1730806589601,96.14
4,1730806589601,91.46
5,1730806589601,28.22
6,1730806589601,44.93
7,1730806589601,91.89
8,1730806589601,15.73
9,1730806589601,19.86
10,1730806589601,31.44
11,1730806589601,92.10
1,1730810189601,78.95
2,1730810189601,85.41
3,1730810189601,36.77
4,1730810189601,59.66
5,1730810189601,8.40
6,1730810189601,87.67
7,1730810189601,14.04
8,1730810189601,26.50
9,1730810189601,17.30
10,1730810189601,20.94
11,1730810189601,93.10
1,1730813789601,98.94
2,1730813789601,77.19
3,1730813789601,5.92
4,1730813789601,11.22
5,1730813789601,16.31
6,1730813789602,81.79
7,1730813789602,49.40
8,1730813789602,92.59
9,1730813789602,40.65
10,1730813789602,51.59
11,1730813789602,94.10
1,1730817389602,86.77
2,1730817389602,30.77
3,1730817389602,76.04
4,1730817389602,57.36
5,1730817389602,47.21
6,1730817389602,1.43
7,1730817389602,28.28
8,1730817389602,70.89
9,1730817389602,99.12
10,1730817389602,30.52
11,1730817389602,95.10
1,1730820989602,38.54
2,1730820989602,83.82
3,1730820989602,76.34
4,1730820989602,48.51
5,1730820989602,86.23
6,1730820989602,3.83
7,1730820989602,32.66
8,1730820989602,20.75
9,1730820989602,13.96
10,1730820989602,31.59
11,1730820989602,96.10
1,1730824589602,93.42
2,1730824589602,36.24
3,1730824589602,27.60
4,1730824589602,90.56
5,1730824589602,67.19
6,1730824589602,63.89
7,1730824589602,38.09
8,1730824589602,96.81
9,1730824589602,8.60
10,1730824589602,44.08
11,1730824589602,97.10
1,1730828189602,81.59
2,1730828189602,68.53
3,1730828189602,23.77
4,1730828189602,38.27
5,1730828189602,15.72
6,1730828189602,94.20
7,1730828189602,65.04
8,1730828189602,5.40
9,1730828189602,48.44
10,1730828189602,89.35
11,1730828189602,98.10
1,1730831789602,60.70
2,1730831789602,70.76
3,1730831789602,21.90
4,1730831789602,74.00
5,1730831789602,62.65
6,1730831789602,64.74
7,1730831789602,12.70
8,1730831789602,53.58
9,1730831789602,76.29
10,1730831789602,7.55
11,1730831789602,99.10
1,1730835389602,68.54
2,1730835389602,25.34
3,1730835389602,20.67
4,1730835389602,10.86
5,1730835389602,40.80
6,1730835389602,19.46
7,1730835389602,41.71
8,1730835389602,53.90
9,1730835389602,77.10
10,1730835389602,69.86
11,1730835389602,100.10
1,1730838989602,93.13
2,1730838989602,92.47
3,1730838989602,36.92
4,1730838989602,89.87
5,1730838989602,90.22
6,1730838989602,86.62
7,1730838989602,24.12
8,1730838989602,39.28
9,1730838989602,29.65
10,1730838989602,79.10
11,1730838989602,101.10
1,1730842589602,81.83
2,1730842589602,86.13
3,1730842589602,29.18
4,1730842589602,34.32
5,1730842589602,4.74
6,1730842589602,74.80
7,1730842589602,1.71
8,1730842589602,93.98
9,1730842589602,86.98
10,1730842589602,9.94
11,1730842589602,102.10
1,1730846189602,43.97
2,1730846189602,7.88
3,1730846189602,39.28
4,1730846189602,89.32
5,1730846189602,89.66
6,1730846189602,13.35
7,1730846189602,52.44
8,1730846189602,40.60
9,1730846189602,77.53
10,1730846189602,55.18
11,1730846189602,103.10
1,1730849789602,75.93
2,1730849789602,93.53
3,1730849789602,62.37
4,1730849789602,49.28
5,1730849789602,68.58
6,1730849789602,46.38
7,1730849789602,12.78
8,1730849789602,38.50
9,1730849789602,33.87
10,1730849789602,15.38
11,1730849789602,104.10
1,1730853389602,20.91
2,1730853389602,15.09
3,1730853389602,19.67
4,1730853389602,11.79
5,1730853389602,56.09
6,1730853389602,65.63
7,1730853389602,83.11
8,1730853389602,10.32
9,1730853389602,16.25
10,1730853389602,12.87
11,1730853389602,105.10
1,1730856989602,39.25
2,1730856989602,74.05
3,1730856989602,80.92
4,1730856989602,26.71
5,1730856989602,91.28
6,1730856989602,71.62
7,1730856989602,57.26
8,1730856989602,89.93
9,1730856989602,35.36
10,1730856989602,33.08
11,1730856989602,106.10
1,1730860589602,30.35
2,1730860589602,39.92
3,1730860589602,21.15
4,1730860589602,10.23
5,1730860589602,86.50
6,1730860589602,42.82
7,1730860589602,66.73
8,1730860589602,37.72
9,1730860589602,32.77
10,1730860589602,71.15
11,1730860589602,107.10
1,1730864189602,79.10
2,1730864189602,13.79
3,1730864189602,78.85
4,1730864189602,80.57
5,1730864189603,37.48
6,1730864189603,81.06
7,1730864189603,1.78
8,1730864189603,66.56
9,1730864189603,34.20
10,1730864189603,93.58
11,1730864189603,108.10
1,1730867789603,70.58
2,1730867789603,70.11
3,1730867789603,67.82
4,1730867789603,25.18
5,1730867789603,35.72
6,1730867789603,55.13
7,1730867789603,27.27
8,1730867789603,60.07
9,1730867789603,54.54
10,1730867789603,61.44
11,1730867789603,109.10
1,1730871389603,7.29
2,1730871389603,58.06
3,1730871389603,19.92
4,1730871389603,12.96
5,1730871389603,68.00
6,1730871389603,15.29
7,1730871389603,58.55
8,1730871389603,27.33
9,1730871389603,12.18
10,1730871389603,7.91
11,1730871389603,110.10
1,1730874989603,68.17
2,1730874989603,14.45
3,1730874989603,79.67
4,1730874989603,58.87
5,1730874989603,91.96
6,1730874989603,90.44
7,1730874989603,85.55
8,1730874989603,61.44
9,1730874989603,25.53
10,1730874989603,64.75
11,1730874989603,111.10
1,1730878589603,40.27
2,1730878589603,68.42
3,1730878589603,88.52
4,1730878589603,5.23
5,1730878589603,54.09
6,1730878589603,94.18
7,1730878589603,77.83
8,1730878589603,85.34
9,1730878589603,44.09
10,1730878589603,9.98
11,1730878589603,112.10
1,1730882189603,25.39
2,1730882189603,82.69
3,1730882189603,4.39
4,1730882189603,17.04
5,1730882189603,61.48
6,1730882189603,87.92
7,1730882189603,24.83
8,1730882189603,2.66
9,1730882189603,82.25
10,1730882189603,19.73
11,1730882189603,113.10
1,1730885789603,49.42
2,1730885789603,49.78
3,1730885789603,10.37
4,1730885789603,39.52
5,1730885789603,7.66
6,1730885789603,13.19
7,1730885789603,32.43
8,1730885789603,92.21
9,1730885789603,28.97
10,1730885789603,47.38
11,1730885789603,114.10
1,1730889389603,86.28
2,1730889389603,57.13
3,1730889389603,81.31
4,1730889389603,77.25
5,1730889389603,29.41
6,1730889389603,84.73
7,1730889389603,2.50
8,1730889389603,81.75
9,1730889389603,69.68
10,1730889389603,75.29
11,1730889389603,115.10
1,1730892989603,52.95
2,1730892989603,30.48
3,1730892989603,59.33
4,1730892989603,10.25
5,1730892989603,74.32
6,1730892989603,92.32
7,1730892989603,88.15
8,1730892989603,80.14
9,1730892989603,51.67
10,1730892989603,94.28
11,1730892989603,116.10
1,1730896589603,34.80
2,1730896589603,26.14
3,1730896589603,44.88
4,1730896589603,9.39
5,1730896589603,2.95
6,1730896589603,72.59
7,1730896589603,90.78
8,1730896589603,78.52
9,1730896589603,6.61
10,1730896589603,51.14
11,1730896589603,117.10
1,1730900189603,12.83
2,1730900189603,35.13
3,1730900189603,87.38
4,1730900189603,80.54
5,1730900189603,18.66
6,1730900189603,68.66
7,1730900189603,79.86
8,1730900189603,99.05
9,1730900189603,74.69
10,1730900189603,17.30
11,1730900189603,118.10
1,1730903789603,57.97
2,1730903789603,80.39
3,1730903789603,70.44
4,1730903789603,81.48
5,1730903789603,9.63
6,1730903789603,93.90
7,1730903789603,70.36
8,1730903789603,45.23
9,1730903789603,61.09
10,1730903789603,67.88
11,1730903789603,119.10
1,1730907389603,33.40
2,1730907389603,29.43
3,1730907389603,23.60
4,1730907389603,44.88
5,1730907389603,75.11
6,1730907389603,15.31
7,1730907389603,99.35
8,1730907389603,38.05
9,1730907389603,65.13
10,1730907389603,96.01
11,1730907389603,120.10
1,1730910989603,62.29
2,1730910989603,48.36
3,1730910989603,3.70
4,1730910989603,78.54
5,1730910989603,2.10
6,1730910989603,28.59
7,1730910989603,59.71
8,1730910989603,56.20
9,1730910989603,84.03
10,1730910989603,11.55
11,1730910989603,121.10
1,1730914589603,82.37
2,1730914589603,56.10
3,1730914589603,71.66
4,1730914589603,66.02
5,1730914589603,15.93
6,1730914589603,70.19
7,1730914589603,26.92
8,1730914589603,77.79
9,1730914589603,35.27
10,1730914589603,32.67
11,1730914589603,122.10
1,1730918189603,42.66
2,1730918189603,22.59
3,1730918189603,13.81
4,1730918189603,6.12
5,1730918189603,50.19
6,1730918189603,66.18
7,1730918189603,22.86
8,1730918189603,73.25
9,1730918189603,21.78
10,1730918189603,39.49
11,1730918189603,123.10
1,1730921789603,11.56
2,1730921789603,88.27
3,1730921789603,68.57
4,1730921789603,71.76
5,1730921789603,29.91
6,1730921789603,52.19
7,1730921789603,17.99
8,1730921789603,61.80
9,1730921789603,39.70
10,1730921789603,80.05
11,1730921789603,124.10
1,1730925389603,12.68
2,1730925389603,13.96
3,1730925389603,81.75
4,1730925389603,37.18
5,1730925389603,87.32
6,1730925389604,25.84
7,1730925389604,86.20
8,1730925389604,58.32
9,1730925389604,63.41
10,1730925389604,9.11
11,1730925389604,125.10
1,1730928989604,20.35
2,1730928989604,42.46
3,1730928989604,34.87
4,1730928989604,88.66
5,1730928989604,30.43
6,1730928989604,33.64
7,1730928989604,65.21
8,1730928989604,75.80
9,1730928989604,86.58
10,1730928989604,42.60
11,1730928989604,126.10
1,1730932589604,6.57
2,1730932589604,67.43
3,1730932589604,17.28
4,1730932589604,49.65
5,1730932589604,31.21
6,1730932589604,20.51
7,1730932589604,16.27
8,1730932589604,15.30
9,1730932589604,96.96
10,1730932589604,98.69
11,1730932589604,127.10
1,1730936189604,17.65
2,1730936189604,54.63
3,1730936189604,68.60
4,1730936189604,86.70
5,1730936189604,47.65
6,1730936189604,82.83
7,1730936189604,55.50
8,1730936189604,84.87
9,1730936189604,3.46
10,1730936189604,35.42
11,1730936189604,128.10
1,1730939789604,19.58
2,1730939789604,88.90
3,1730939789604,76.20
4,1730939789604,33.26
5,1730939789604,48.25
6,1730939789604,59.37
7,1730939789604,63.71
8,1730939789604,55.28
9,1730939789604,48.64
10,1730939789604,81.34
11,1730939789604,129.10
1,1730943389604,22.59
2,1730943389604,93.96
3,1730943389604,94.51
4,1730943389604,46.02
5,1730943389604,71.32
6,1730943389604,15.10
7,1730943389604,4.80
8,1730943389604,46.78
9,1730943389604,54.85
10,1730943389604,10.42
11,1730943389604,130.10
1,1730946989604,31.64
2,1730946989604,15.24
3,1730946989604,82.48
4,1730946989604,73.45
5,1730946989604,56.08
6,1730946989604,33.05
7,1730946989604,91.17
8,1730946989604,95.21
9,1730946989604,54.82
10,1730946989604,36.01
11,1730946989604,131.10
1,1730950589604,34.21
2,1730950589604,79.01
3,1730950589604,43.55
4,1730950589604,88.52
5,1730950589604,23.58
6,1730950589604,22.97
7,1730950589604,86.58
8,1730950589604,17.64
9,1730950589604,56.10
10,1730950589604,21.70
11,1730950589604,132.10
1,1730954189604,42.85
2,1730954189604,14.17
3,1730954189604,5.77
4,1730954189604,34.98
5,1730954189604,13.56
6,1730954189604,25.07
7,1730954189604,45.83
8,1730954189604,51.52
9,1730954189604,86.19
10,1730954189604,21.67
11,1730954189604,133.10
1,1730957789604,67.44
2,1730957789604,54.91
3,1730957789604,83.73
4,1730957789604,48.45
5,1730957789604,66.68
6,1730957789604,44.03
7,1730957789604,45.32
8,1730957789604,13.27
9,1730957789604,16.73
10,1730957789604,18.41
11,1730957789604,134.10
1,1730961389604,77.49
2,1730961389604,20.84
3,1730961389604,84.05
4,1730961389604,20.94
5,1730961389604,81.92
6,1730961389604,74.13
7,1730961389604,58.24
8,1730961389604,17.32
9,1730961389604,75.33
10,1730961389604,75.77
11,1730961389604,135.10
1,1730964989604,28.29
2,1730964989604,69.80
3,1730964989604,67.92
4,1730964989604,65.24
5,1730964989604,11.08
6,1730964989604,68.19
7,1730964989604,56.30
8,1730964989604,29.67
9,1730964989604,90.92
10,1730964989604,36.18
11,1730964989604,136.10
1,1730968589604,92.16
2,1730968589604,7.29
3,1730968589604,43.73
4,1730968589604,8.32
5,1730968589604,30.31
6,1730968589604,70.18
7,1730968589604,93.14
8,1730968589604,91.65
9,1730968589604,31.17
10,1730968589604,11.16
11,1730968589604,137.10
1,1730972189604,3.39
2,1730972189604,60.97
3,1730972189604,80.63
4,1730972189604,43.92
5,1730972189604,42.89
6,1730972189604,54.92
7,1730972189604,25.35
8,1730972189604,50.70
9,1730972189604,10.59
10,1730972189604,45.15
11,1730972189604,138.10
1,1730975789604,62.97
2,1730975789604,78.27
3,1730975789604,57.63
4,1730975789604,8.62
5,1730975789604,26.69
6,1730975789604,81.32
7,1730975789604,12.62
8,1730975789604,0.99
9,1730975789604,97.67
10,1730975789604,97.60
11,1730975789604,139.10
1,1730979389604,95.14
2,1730979389604,79.24
3,1730979389604,17.85
4,1730979389604,44.48
5,1730979389604,56.10
6,1730979389605,96.90
7,1730979389605,18.76
8,1730979389605,45.80
9,1730979389605,38.75
10,1730979389605,89.64
11,1730979389605,140.10
1,1730982989605,55.74
2,1730982989605,93.69
3,1730982989605,96.37
4,1730982989605,52.71
5,1730982989605,97.32
6,1730982989605,71.63
7,1730982989605,55.51
8,1730982989605,38.76
9,1730982989605,89.41
10,1730982989605,5.91
11,1730982989605,141.10
1,1730986589605,10.75
2,1730986589605,72.78
3,1730986589605,91.89
4,1730986589605,78.86
5,1730986589605,58.79
6,1730986589605,20.84
7,1730986589605,36.33
8,1730986589605,49.36
9,1730986589605,52.41
10,1730986589605,80.23
11,1730986589605,142.10
1,1730990189605,83.01
2,1730990189605,19.85
3,1730990189605,96.20
4,1730990189605,98.92
5,1730990189605,49.89
6,1730990189605,6.98
7,1730990189605,78.45
8,1730990189605,84.88
9,1730990189605,26.11
10,1730990189605,33.60
11,1730990189605,143.10
1,1730993789605,33.85
2,1730993789605,44.82
3,1730993789605,26.93
4,1730993789605,34.69
5,1730993789605,40.09
6,1730993789605,3.68
7,1730993789605,40.05
8,1730993789605,2.65
9,1730993789605,52.18
10,1730993789605,30.90
11,1730993789605,144.10
1,1730997389605,72.99
2,1730997389605,6.27
3,1730997389605,57.88
4,1730997389605,41.42
5,1730997389605,55.51
6,1730997389605,46.37
7,1730997389605,32.70
8,1730997389605,23.69
9,1730997389605,74.35
10,1730997389605,97.58
11,1730997389605,145.10
1,1731000989605,85.34
2,1731000989605,42.80
3,1731000989605,68.52
4,1731000989605,28.22
5,1731000989605,88.45
6,1731000989605,15.18
7,1731000989605,85.54
8,1731000989605,65.75
9,1731000989605,93.09
10,1731000989605,53.71
11,1731000989605,146.10
1,1731004589605,72.06
2,1731004589605,6.06
3,1731004589605,55.22
4,1731004589605,93.57
5,1731004589605,40.01
6,1731004589605,53.42
7,1731004589605,79.78
8,1731004589605,87.61
9,1731004589605,71.08
10,1731004589605,88.09
11,1731004589605,147.10
1,1731008189605,35.93
2,1731008189605,28.55
3,1731008189605,27.96
4,1731008189605,59.37
5,1731008189605,53.78
6,1731008189605,92.84
7,1731008189605,69.66
8,1731008189605,78.74
9,1731008189605,40.73
10,1731008189605,59.29
11,1731008189605,148.10
1,1731011789605,46.83
2,1731011789605,98.37
3,1731011789605,11.57
4,1731011789605,15.95
5,1731011789605,85.13
6,1731011789605,21.26
7,1731011789605,36.70
8,1731011789605,32.44
9,1731011789605,55.25
10,1731011789605,3.49
11,1731011789605,149.10
1,1731015389605,26.31
2,1731015389605,90.52
3,1731015389605,85.27
4,1731015389605,89.92
5,1731015389605,46.24
6,1731015389605,46.59
7,1731015389605,62.61
8,1731015389605,76.89
9,1731015389605,19.09
10,1731015389605,67.60
11,1731015389605,150.10
1,1731018989605,68.23
2,1731018989605,13.65
3,1731018989605,68.07
4,1731018989605,87.75
5,1731018989605,25.09
6,1731018989605,5.45
7,1731018989605,24.87
8,1731018989605,28.15
9,1731018989605,26.32
10,1731018989605,88.48
11,1731018989605,151.10
1,1731022589605,0.11
2,1731022589605,61.02
3,1731022589605,85.22
4,1731022589605,58.61
5,1731022589605,72.26
6,1731022589605,67.03
7,1731022589605,78.15
8,1731022589605,73.84
9,1731022589605,30.96
10,1731022589605,9.66
11,1731022589605,152.10
1,1731026189605,44.94
2,1731026189605,95.17
3,1731026189605,34.15
4,1731026189605,8.51
5,1731026189605,4.70
6,1731026189605,84.92
7,1731026189605,5.86
8,1731026189605,89.21
9,1731026189605,8.44
10,1731026189605,52.86
11,1731026189605,153.10
1,1731029789605,65.74
2,1731029789605,86.37
3,1731029789605,42.36
4,1731029789605,46.63
5,1731029789605,69.22
6,1731029789605,28.58
7,1731029789605,5.92
8,1731029789605,0.06
9,1731029789605,85.97
10,1731029789605,23.44
11,1731029789605,154.10
1,1731033389605,21.87
2,1731033389605,82.35
3,1731033389605,70.29
4,1731033389605,98.62
5,1731033389605,53.20
6,1731033389605,88.34
7,1731033389605,78.98
8,1731033389605,98.13
9,1731033389605,53.49
10,1731033389605,60.43
11,1731033389605,155.10
1,1731036989605,91.45
2,1731036989605,8.47
3,1731036989605,72.15
4,1731036989605,1.61
5,1731036989605,21.64
6,1731036989605,98.05
7,1731036989605,74.05
8,1731036989605,73.48
9,1731036989605,61.62
10,1731036989605,87.66
11,1731036989605,156.10
1,1731040589605,89.45
2,1731040589605,59.82
3,1731040589605,93.00
4,1731040589605,13.29
5,1731040589605,6.93
6,1731040589605,10.92
7,1731040589605,95.24
8,1731040589605,5.14
9,1731040589605,14.78
10,1731040589605,18.91
11,1731040589605,157.10
1,1731044189605,56.16
2,1731044189605,67.33
3,1731044189605,45.49
4,1731044189605,53.48
5,1731044189605,15.72
6,1731044189605,58.11
7,1731044189605,79.08
8,1731044189605,36.17
9,1731044189605,82.96
10,1731044189605,43.75
11,1731044189605,158.10
1,1731047789605,28.36
2,1731047789605,55.21
3,1731047789605,25.72
4,1731047789605,26.24
5,1731047789605,66.38
6,1731047789605,19.94
7,1731047789605,85.74
8,1731047789605,38.97
9,1731047789605,63.60
10,1731047789605,26.01
11,1731047789605,159.10
1,1731051389605,38.77
2,1731051389605,39.71
3,1731051389606,20.24
4,1731051389606,20.09
5,1731051389606,19.73
6,1731051389606,65.55
7,1731051389606,50.23
8,1731051389606,91.09
9,1731051389606,30.96
10,1731051389606,72.23
11,1731051389606,160.10
1,1731054989606,82.51
2,1731054989606,73.25
3,1731054989606,6.47
4,1731054989606,95.61
5,1731054989606,5.35
6,1731054989606,80.36
7,1731054989606,87.88
8,1731054989606,96.16
9,1731054989606,75.25
10,1731054989606,0.40
11,1731054989606,161.10
1,1731058589606,31.11
2,1731058589606,26.34
3,1731058589606,90.70
4,1731058589606,11.95
5,1731058589606,3.87
6,1731058589606,87.31
7,1731058589606,53.27
8,1731058589606,37.83
9,1731058589606,58.05
10,1731058589606,85.41
11,1731058589606,162.10
1,1731062189606,48.84
2,1731062189606,44.02
3,1731062189606,38.30
4,1731062189606,22.59
5,1731062189606,15.84
6,1731062189606,87.39
7,1731062189606,78.74
8,1731062189606,9.03
9,1731062189606,49.04
10,1731062189606,51.67
11,1731062189606,163.10
1,1731065789606,12.67
2,1731065789606,74.47
3,1731065789606,58.89
4,1731065789606,35.28
5,1731065789606,36.81
6,1731065789606,95.49
7,1731065789606,69.14
8,1731065789606,33.86
9,1731065789606,93.26
10,1731065789606,88.78
11,1731065789606,164.10
1,1731069389606,58.72
2,1731069389606,22.46
3,1731069389606,64.40
4,1731069389606,18.31
5,1731069389606,0.03
6,1731069389606,42.75
7,1731069389606,39.92
8,1731069389606,30.20
9,1731069389606,42.14
10,1731069389606,82.88
11,1731069389606,165.10
1,1731072989606,76.06
2,1731072989606,33.67
3,1731072989606,22.28
4,1731072989606,39.34
5,1731072989606,1.34
6,1731072989606,79.36
7,1731072989606,48.76
8,1731072989606,92.53
9,1731072989606,85.79
10,1731072989606,40.52
11,1731072989606,166.10
1,1731076589606,12.05
2,1731076589606,70.02
3,1731076589606,21.72
4,1731076589606,32.36
5,1731076589606,36.69
6,1731076589606,63.43
7,1731076589606,3.70
8,1731076589606,30.72
9,1731076589606,31.32
10,1731076589606,22.36
11,1731076589606,167.10
1,1731080189606,46.56
2,1731080189606,47.21
3,1731080189606,81.08
4,1731080189606,11.09
5,1731080189606,58.19
6,1731080189606,22.74
7,1731080189606,77.00
8,1731080189606,88.91
9,1731080189606,52.32
10,1731080189606,89.96
11,1731080189606,168.10
1,1731083789606,97.15
2,1731083789606,58.09
3,1731083789606,79.88
4,1731083789606,77.15
5,1731083789606,2.47
6,1731083789606,36.31
7,1731083789606,86.66
8,1731083789606,41.09
9,1731083789606,85.40
10,1731083789606,7.66
11,1731083789606,169.10
1,1731087389606,90.02
2,1731087389606,61.48
3,1731087389606,45.78
4,1731087389606,39.06
5,1731087389606,86.60
6,1731087389606,43.01
7,1731087389606,18.35
8,1731087389606,47.88
9,1731087389606,34.53
10,1731087389606,14.55
11,1731087389606,170.10
1,1731090989606,68.07
2,1731090989606,70.21
3,1731090989606,83.71
4,1731090989606,30.57
5,1731090989606,18.44
6,1731090989606,82.93
7,1731090989606,47.02
8,1731090989606,83.41
9,1731090989606,48.11
10,1731090989606,89.78
11,1731090989606,171.10
1,1731094589606,54.74
2,1731094589606,19.06
3,1731094589606,6.97
4,1731094589606,22.92
5,1731094589606,37.80
6,1731094589606,41.66
7,1731094589606,40.37
8,1731094589606,73.83
9,1731094589606,23.37
10,1731094589606,60.82
11,1731094589606,172.10
1,1731098189606,63.14
2,1731098189606,21.56
3,1731098189606,64.15
4,1731098189606,70.87
5,1731098189606,88.57
6,1731098189606,43.47
7,1731098189606,98.23
8,1731098189606,46.66
9,1731098189606,33.35
10,1731098189606,46.90
11,1731098189606,173.10
1,1731101789606,83.81
2,1731101789606,92.74
3,1731101789606,63.77
4,1731101789606,19.38
5,1731101789606,32.88
6,1731101789606,40.78
7,1731101789606,56.59
8,1731101789606,89.18
9,1731101789606,86.78
10,1731101789606,62.66
11,1731101789606,174.10
1,1731105389606,88.46
2,1731105389606,21.76
3,1731105389606,63.45
4,1731105389606,13.93
5,1731105389606,71.78
6,1731105389606,28.29
7,1731105389606,38.93
8,1731105389606,56.39
9,1731105389606,8.24
10,1731105389606,36.35
11,1731105389606,175.10
1,1731108989606,65.63
2,1731108989606,16.53
3,1731108989606,76.69
4,1731108989606,85.09
5,1731108989606,11.59
6,1731108989606,95.10
7,1731108989606,22.60
8,1731108989606,39.63
9,1731108989606,29.45
10,1731108989606,92.54
11,1731108989606,176.10
1,1731112589606,85.38
2,1731112589606,52.25
3,1731112589606,84.12
4,1731112589606,87.63
5,1731112589606,73.80
6,1731112589606,83.53
7,1731112589606,81.76
8,1731112589606,29.92
9,1731112589606,42.70
10,1731112589606,24.96
11,1731112589606,177.10
1,1731116189607,48.06
2,1731116189607,2.18
3,1731116189607,59.53
4,1731116189607,98.19
5,1731116189607,18.77
6,1731116189607,63.34
7,1731116189607,92.14
8,1731116189607,9.60
9,1731116189607,84.39
10,1731116189607,52.95
11,1731116189607,178.10
1,1731119789607,77.95
2,1731119789607,21.41
3,1731119789607,39.59
4,1731119789607,7.81
5,1731119789607,3.92
6,1731119789607,21.98
7,1731119789607,68.61
8,1731119789607,96.00
9,1731119789607,95.44
10,1731119789607,11.50
11,1731119789607,179.10
1,1731123389607,23.71
2,1731123389607,68.35
3,1731123389607,84.37
4,1731123389607,30.28
5,1731123389607,90.47
6,1731123389607,85.49
7,1731123389607,64.76
8,1731123389607,55.65
9,1731123389607,65.36
10,1731123389607,42.57
11,1731123389607,180.10
1,1731126989607,5.17
2,1731126989607,68.05
3,1731126989607,76.77
4,1731126989607,67.33
5,1731126989607,27.33
6,1731126989607,42.50
7,1731126989607,82.32
8,1731126989607,85.68
9,1731126989607,66.04
10,1731126989607,39.69
11,1731126989607,181.10
1,1731130589607,32.85
2,1731130589607,0.80
3,1731130589607,83.28
4,1731130589607,67.48
5,1731130589607,44.47
6,1731130589607,56.56
7,1731130589607,65.13
8,1731130589607,90.60
9,1731130589607,10.98
10,1731130589607,10.53
11,1731130589607,182.10
1,1731134189607,80.85
2,1731134189607,62.16
3,1731134189607,1.24
4,1731134189607,26.49
5,1731134189607,72.63
6,1731134189607,96.03
7,1731134189607,14.93
8,1731134189607,73.10
9,1731134189607,0.32
10,1731134189607,34.44
11,1731134189607,183.10
1,1731137789607,21.20
2,1731137789607,50.96
3,1731137789607,68.48
4,1731137789607,81.98
5,1731137789607,76.00
6,1731137789607,71.79
7,1731137789607,3.83
8,1731137789607,43.45
9,1731137789607,1.18
10,1731137789607,19.91
11,1731137789607,184.10
1,1731141389607,63.56
2,1731141389607,66.59
3,1731141389607,55.68
4,1731141389607,99.04
5,1731141389607,60.82
6,1731141389607,10.29
7,1731141389607,36.61
8,1731141389607,0.46
9,1731141389607,94.73
10,1731141389607,23.59
11,1731141389607,185.10
1,1731144989607,12.42
2,1731144989607,35.81
3,1731144989607,96.84
4,1731144989607,74.65
5,1731144989607,28.76
6,1731144989607,79.16
7,1731144989607,8.85
8,1731144989607,33.79
9,1731144989607,85.99
10,1731144989607,77.82
11,1731144989607,186.10
1,1731148589607,29.59
2,1731148589607,78.07
3,1731148589607,47.28
4,1731148589607,72.95
5,1731148589607,94.79
6,1731148589607,1.95
7,1731148589607,59.16
8,1731148589607,60.59
9,1731148589607,6.31
10,1731148589607,16.29
11,1731148589607,187.10
1,1731152189607,0.24
2,1731152189607,40.24
3,1731152189607,98.15
4,1731152189607,4.80
5,1731152189607,36.81
6,1731152189607,43.26
7,1731152189607,51.41
8,1731152189607,62.16
9,1731152189607,7.72
10,1731152189607,2.06
11,1731152189607,188.10
1,1731155789607,17.49
2,1731155789607,21.24
3,1731155789607,53.83
4,1731155789607,34.34
5,1731155789607,44.02
6,1731155789607,37.25
7,1731155789607,82.67
8,1731155789607,20.45
9,1731155789607,61.83
10,1731155789607,41.47
11,1731155789607,189.10
1,1731159389607,60.63
2,1731159389607,35.32
3,1731159389607,5.67
4,1731159389607,7.97
5,1731159389607,80.62
6,1731159389607,56.51
7,1731159389607,43.27
8,1731159389607,56.59
9,1731159389607,28.89
10,1731159389607,5.04
11,1731159389607,190.10
1,1731162989607,94.37
2,1731162989607,77.01
3,1731162989607,48.06
4,1731162989607,84.03
5,1731162989607,36.82
6,1731162989607,39.53
7,1731162989607,6.18
8,1731162989607,46.56
9,1731162989607,47.43
10,1731162989607,35.84
11,1731162989607,191.10
1,1731166589607,17.13
2,1731166589607,99.80
3,1731166589607,41.70
4,1731166589607,59.16
5,1731166589607,50.87
6,1731166589607,34.87
7,1731166589607,68.20
8,1731166589607,78.87
9,1731166589607,68.99
10,1731166589607,4.46
11,1731166589607,192.10
1,1731170189607,98.41
2,1731170189607,43.64
3,1731170189607,1.32
4,1731170189607,40.89
5,1731170189607,12.02
6,1731170189607,35.86
7,1731170189607,24.37
8,1731170189607,71.62
9,1731170189607,93.53
10,1731170189607,51.47
11,1731170189607,193.10
1,1731173789607,37.85
2,1731173789607,81.25
3,1731173789607,52.27
4,1731173789607,50.44
5,1731173789607,79.68
6,1731173789607,81.34
7,1731173789607,49.17
8,1731173789607,81.32
9,1731173789607,58.07
10,1731173789607,60.73
11,1731173789607,194.10
1,1731177389607,51.18
2,1731177389607,53.36
3,1731177389607,70.09
4,1731177389607,19.06
5,1731177389607,13.76
6,1731177389607,20.58
7,1731177389607,97.34
8,1731177389607,16.03
9,1731177389607,95.78
10,1731177389607,5.56
11,1731177389607,195.10
1,1731180989607,83.66
2,1731180989607,16.58
3,1731180989607,72.24
4,1731180989607,24.14
5,1731180989607,57.11
6,1731180989607,69.89
7,1731180989607,3.93
8,1731180989607,86.91
9,1731180989607,1.27
10,1731180989607,84.95
11,1731180989607,196.10
1,1731184589607,46.19
2,1731184589607,54.93
3,1731184589607,39.41
4,1731184589607,85.69
5,1731184589607,38.98
6,1731184589607,38.92
7,1731184589607,92.37
8,1731184589607,26.93
9,1731184589607,97.61
10,1731184589607,56.89
11,1731184589607,197.10
1,1731188189607,86.58
2,1731188189607,85.09
3,1731188189607,61.95
4,1731188189607,90.37
5,1731188189607,61.69
6,1731188189607,93.72
7,1731188189607,23.59
8,1731188189607,12.40
9,1731188189607,16.81
10,1731188189607,23.93
11,1731188189607,198.10
1,1731191789607,90.73
2,1731191789607,65.61
3,1731191789607,27.01
4,1731191789607,53.61
5,1731191789607,69.10
6,1731191789607,42.42
7,1731191789607,51.50
8,1731191789607,13.71
9,1731191789607,22.75
10,1731191789607,89.67
11,1731191789607,199.10
1,1731195389607,95.52
2,1731195389607,21.55
3,1731195389607,55.23
4,1731195389607,87.92
5,1731195389607,71.12
6,1731195389607,83.03
7,1731195389607,27.99
8,1731195389607,59.80
9,1731195389607,24.18
10,1731195389607,73.86
11,1731195389607,200.10
1,1731198989607,67.09
2,1731198989607,49.35
3,1731198989607,20.55
4,1731198989607,25.06
5,1731198989607,60.01
6,1731198989607,83.22
7,1731198989608,32.57
8,1731198989608,68.51
9,1731198989608,75.40
10,1731198989608,49.81
11,1731198989608,201.10
1,1731202589608,51.37
2,1731202589608,29.22
3,1731202589608,20.69
4,1731202589608,47.73
5,1731202589608,89.50
6,1731202589608,51.05
7,1731202589608,22.08
8,1731202589608,7.20
9,1731202589608,68.18
10,1731202589608,89.46
11,1731202589608,202.10
1,1731206189608,42.52
2,1731206189608,79.70
3,1731206189608,80.07
4,1731206189608,75.76
5,1731206189608,0.56
6,1731206189608,27.13
7,1731206189608,21.73
8,1731206189608,51.43
9,1731206189608,11.39
10,1731206189608,82.14
11,1731206189608,203.10
1,1731209789608,24.64
2,1731209789608,7.27
3,1731209789608,75.44
4,1731209789608,36.31
5,1731209789608,1.50
6,1731209789608,91.92
7,1731209789608,54.17
8,1731209789608,51.28
9,1731209789608,27.83
10,1731209789608,75.60
11,1731209789608,204.10
1,1731213389608,77.61
2,1731213389608,48.11
3,1731213389608,40.38
4,1731213389608,86.94
5,1731213389608,26.23
6,1731213389608,17.12
7,1731213389608,89.67
8,1731213389608,67.18
9,1731213389608,37.35
10,1731213389608,92.48
11,1731213389608,205.10
1,1731216989608,79.06
2,1731216989608,21.10
3,1731216989608,25.15
4,1731216989608,92.98
5,1731216989608,96.03
6,1731216989608,74.83
7,1731216989608,69.42
8,1731216989608,4.97
9,1731216989608,72.69
10,1731216989608,83.39
11,1731216989608,206.10
1,1731220589608,87.73
2,1731220589608,15.52
3,1731220589608,68.29
4,1731220589608,89.66
5,1731220589608,36.32
6,1731220589608,85.19
7,1731220589608,2.15
8,1731220589608,47.01
9,1731220589608,77.58
10,1731220589608,21.53
11,1731220589608,207.10
1,1731224189608,90.96
2,1731224189608,74.61
3,1731224189608,94.52
4,1731224189608,98.93
5,1731224189608,58.42
6,1731224189608,46.28
7,1731224189608,62.41
8,1731224189608,71.14
9,1731224189608,49.92
10,1731224189608,89.74
11,1731224189608,208.10
1,1731227789608,6.07
2,1731227789608,26.60
3,1731227789608,90.00
4,1731227789608,62.62
5,1731227789608,78.79
6,1731227789608,31.48
7,1731227789608,36.72
8,1731227789608,98.46
9,1731227789608,93.87
10,1731227789608,99.07
11,1731227789608,209.10
1,1731231389608,17.65
2,1731231389608,89.76
3,1731231389608,78.10
4,1731231389608,99.65
5,1731231389608,13.19
6,1731231389608,32.72
7,1731231389608,68.49
8,1731231389608,82.88
9,1731231389608,55.70
10,1731231389608,49.08
11,1731231389608,210.10
1,1731234989608,80.01
2,1731234989608,93.64
3,1731234989608,1.72
4,1731234989608,10.87
5,1731234989608,52.60
6,1731234989608,87.04
7,1731234989608,63.69
8,1731234989608,76.55
9,1731234989608,84.49
10,1731234989608,9.36
11,1731234989608,211.10
1,1731238589608,40.09
2,1731238589608,9.02
3,1731238589608,86.61
4,1731238589608,37.85
5,1731238589608,71.81
6,1731238589608,92.22
7,1731238589608,42.07
8,1731238589608,82.46
9,1731238589608,18.33
10,1731238589608,48.37
11,1731238589608,212.10
1,1731242189608,30.13
2,1731242189608,55.90
3,1731242189608,6.68
4,1731242189608,77.41
5,1731242189608,24.88
6,1731242189608,86.78
7,1731242189608,31.55
8,1731242189608,32.73
9,1731242189608,80.92
10,1731242189608,69.52
11,1731242189608,213.10
1,1731245789608,15.95
2,1731245789608,32.24
3,1731245789608,6.08
4,1731245789608,83.38
5,1731245789608,50.88
6,1731245789608,84.12
7,1731245789608,57.23
8,1731245789608,60.73
9,1731245789608,86.88
10,1731245789608,23.90
11,1731245789608,214.10
1,1731249389608,86.04
2,1731249389608,59.95
3,1731249389608,2.02
4,1731249389608,88.77
5,1731249389608,57.07
6,1731249389608,72.58
7,1731249389608,38.78
8,1731249389608,88.62
9,1731249389608,9.20
10,1731249389608,11.31
11,1731249389608,215.10
1,1731252989608,35.47
2,1731252989608,0.90
3,1731252989608,77.09
4,1731252989608,85.96
5,1731252989608,34.97
6,1731252989608,44.55
7,1731252989608,24.94
8,1731252989608,79.02
9,1731252989608,29.02
10,1731252989608,62.36
11,1731252989608,216.10
1,1731256589608,32.53
2,1731256589608,28.80
3,1731256589608,37.23
4,1731256589608,84.67
5,1731256589608,92.85
6,1731256589608,54.26
7,1731256589608,58.29
8,1731256589608,77.18
9,1731256589608,64.66
10,1731256589608,87.63
11,1731256589608,217.10
1,1731260189608,32.33
2,1731260189608,93.41
3,1731260189608,53.18
4,1731260189608,38.50
5,1731260189608,61.54
6,1731260189608,83.45
7,1731260189608,55.21
8,1731260189608,74.51
9,1731260189608,31.60
10,1731260189608,83.56
11,1731260189608,218.10
1,1731263789608,97.33
2,1731263789608,68.76
3,1731263789608,21.78
4,1731263789608,14.89
5,1731263789608,42.34
6,1731263789608,97.03
7,1731263789608,12.93
8,1731263789608,68.16
9,1731263789608,40.40
10,1731263789608,54.45
11,1731263789608,219.10
1,1731267389608,28.33
2,1731267389608,86.34
3,1731267389608,9.24
4,1731267389608,61.58
5,1731267389608,59.38
6,1731267389608,61.83
7,1731267389608,41.05
8,1731267389608,11.43
9,1731267389608,14.12
10,1731267389608,11.99
11,1731267389608,220.10
1,1731270989608,57.46
2,1731270989608,41.66
3,1731270989608,11.93
4,1731270989608,24.17
5,1731270989608,35.01
6,1731270989608,5.56
7,1731270989608,35.99
8,1731270989608,9.90
9,1731270989608,51.30
10,1731270989608,28.07
11,1731270989608,221.10
1,1731274589608,88.68
2,1731274589608,34.83
3,1731274589608,52.28
4,1731274589608,88.22
5,1731274589608,19.02
6,1731274589608,98.05
7,1731274589608,5.46
8,1731274589608,84.95
9,1731274589608,92.59
10,1731274589608,84.36
11,1731274589608,222.10
1,1731278189608,51.21
2,1731278189608,29.82
3,1731278189608,18.36
4,1731278189608,70.89
5,1731278189608,41.19
6,1731278189609,2.03
7,1731278189609,15.90
8,1731278189609,47.91
9,1731278189609,54.68
10,1731278189609,89.59
11,1731278189609,223.10
1,1731281789609,94.86
2,1731281789609,92.56
3,1731281789609,85.41
4,1731281789609,1.82
5,1731281789609,68.18
6,1731281789609,67.84
7,1731281789609,18.04
8,1731281789609,37.35
9,1731281789609,13.19
10,1731281789609,6.60
11,1731281789609,224.10
1,1731285389609,47.43
2,1731285389609,76.98
3,1731285389609,56.86
4,1731285389609,4.25
5,1731285389609,34.41
6,1731285389609,74.55
7,1731285389609,47.01
8,1731285389609,30.01
9,1731285389609,6.82
10,1731285389609,21.52
11,1731285389609,225.10
1,1731288989609,55.27
2,1731288989609,17.58
3,1731288989609,95.64
4,1731288989609,16.70
5,1731288989609,56.29
6,1731288989609,58.04
7,1731288989609,52.52
8,1731288989609,79.80
9,1731288989609,41.94
10,1731288989609,84.64
11,1731288989609,226.10
1,1731292589609,31.94
2,1731292589609,71.09
3,1731292589609,98.93
4,1731292589609,36.63
5,1731292589609,88.99
6,1731292589609,12.94
7,1731292589609,37.10
8,1731292589609,48.31
9,1731292589609,32.68
10,1731292589609,65.92
11,1731292589609,227.10
1,1731296189609,28.12
2,1731296189609,27.75
3,1731296189609,72.43
4,1731296189609,70.41
5,1731296189609,69.95
6,1731296189609,59.11
7,1731296189609,53.70
8,1731296189609,74.70
9,1731296189609,89.47
10,1731296189609,74.77
11,1731296189609,228.10
1,1731299789609,34.97
2,1731299789609,76.10
3,1731299789609,49.52
4,1731299789609,7.47
5,1731299789609,56.72
6,1731299789609,75.20
7,1731299789609,55.83
8,1731299789609,54.23
9,1731299789609,66.78
10,1731299789609,3.21
11,1731299789609,229.10
1,1731303389609,24.01
2,1731303389609,90.00
3,1731303389609,18.36
4,1731303389609,50.28
5,1731303389609,43.36
6,1731303389609,11.66
7,1731303389609,5.46
8,1731303389609,68.12
9,1731303389609,45.51
10,1731303389609,73.44
11,1731303389609,230.10
1,1731306989609,3.60
2,1731306989609,37.53
3,1731306989609,91.64
4,1731306989609,17.86
5,1731306989609,19.37
6,1731306989609,97.55
7,1731306989609,18.23
8,1731306989609,80.70
9,1731306989609,38.24
10,1731306989609,64.57
11,1731306989609,231.10
1,1731310589609,42.45
2,1731310589609,56.95
3,1731310589609,26.58
4,1731310589609,5.34
5,1731310589609,39.61
6,1731310589609,80.62
7,1731310589609,22.18
8,1731310589609,37.17
9,1731310589609,34.73
10,1731310589609,29.50
11,1731310589609,232.10
1,1731314189609,54.16
2,1731314189609,8.70
3,1731314189609,46.72
4,1731314189609,81.66
5,1731314189609,70.42
6,1731314189609,92.20
7,1731314189609,53.11
8,1731314189609,17.60
9,1731314189609,88.84
10,1731314189609,18.52
11,1731314189609,233.10
1,1731317789609,20.85
2,1731317789609,34.59
3,1731317789609,71.99
4,1731317789609,0.60
5,1731317789609,45.99
6,1731317789609,13.46
7,1731317789609,13.75
8,1731317789609,51.39
9,1731317789609,7.31
10,1731317789609,79.23
11,1731317789609,234.10
1,1731321389609,52.82
2,1731321389609,36.82
3,1731321389609,32.53
4,1731321389609,63.49
5,1731321389609,87.35
6,1731321389609,77.16
7,1731321389609,2.00
8,1731321389609,75.32
9,1731321389609,91.84
10,1731321389609,59.37
11,1731321389609,235.10
1,1731324989609,89.77
2,1731324989609,54.64
3,1731324989609,80.51
4,1731324989609,78.58
5,1731324989609,91.24
6,1731324989609,41.41
7,1731324989609,27.38
8,1731324989609,29.06
9,1731324989609,78.94
10,1731324989609,83.24
11,1731324989609,236.10
1,1731328589609,25.48
2,1731328589609,34.35
3,1731328589609,84.41
4,1731328589609,62.56
5,1731328589609,36.63
6,1731328589609,65.28
7,1731328589609,71.74
8,1731328589609,86.15
9,1731328589609,69.59
10,1731328589609,79.10
11,1731328589609,237.10
1,1731332189609,23.44
2,1731332189609,87.72
3,1731332189609,1.35
4,1731332189609,75.47
5,1731332189609,86.70
6,1731332189609,23.41
7,1731332189609,35.49
8,1731332189609,89.42
9,1731332189609,7.33
10,1731332189609,72.21
11,1731332189609,238.10
1,1731335789609,93.91
2,1731335789609,54.63
3,1731335789609,89.62
4,1731335789609,24.96
5,1731335789609,28.11
6,1731335789609,58.91
7,1731335789609,37.65
8,1731335789609,93.45
9,1731335789609,24.92
10,1731335789609,16.74
11,1731335789609,239.10
